INFORME DE INFLUENCERS EN LA RED SOCIAL

Personas analizadas: Ana, Luis, Juan, Sofía, Pedro, Marta, Carlos, Elena, Raúl, Lucía, Diego, Valeria, Tomás, Paula, Andrés

Influencers identificados: Ana, Elena, Carlos


Matriz de Adyacencia:
[[0 1 1 0 1 0 0 0 0 0 0 0 0 0 1]
 [1 0 0 1 0 0 1 0 0 0 0 0 0 0 0]
 [1 0 0 0 1 0 0 1 0 0 0 0 0 0 0]
 [0 1 0 0 0 0 0 0 1 0 0 0 0 0 0]
 [1 0 1 0 0 1 0 0 0 1 0 0 0 0 0]
 [0 0 0 0 1 0 1 0 0 0 0 0 0 0 0]
 [0 1 0 0 0 1 0 1 0 0 0 1 0 0 0]
 [0 0 1 0 0 0 1 0 1 0 0 0 1 0 0]
 [0 0 0 1 0 0 0 1 0 1 0 0 0 1 0]
 [0 0 0 0 1 0 0 0 1 0 1 0 0 0 1]
 [0 0 0 0 0 0 0 0 0 1 0 1 0 0 0]
 [0 0 0 0 0 0 1 0 0 0 1 0 1 0 0]
 [0 0 0 0 0 0 0 1 0 0 0 1 0 1 0]
 [0 0 0 0 0 0 0 0 1 0 0 0 1 0 1]
 [1 0 0 0 0 0 0 0 0 1 0 0 0 1 0]]

Matriz Laplaciana:
[[ 4 -1 -1  0 -1  0  0  0  0  0  0  0  0  0 -1]
 [-1  3  0 -1  0  0 -1  0  0  0  0  0  0  0  0]
 [-1  0  3  0 -1  0  0 -1  0  0  0  0  0  0  0]
 [ 0 -1  0  2  0  0  0  0 -1  0  0  0  0  0  0]
 [-1  0 -1  0  4 -1  0  0  0 -1  0  0  0  0  0]
 [ 0  0  0  0 -1  2 -1  0  0  0  0  0  0  0  0]
 [ 0 -1  0  0  0 -1  4 -1  0  0  0 -1  0  0  0]
 [ 0  0 -1  0  0  0 -1  4 -1  0  0  0 -1  0  0]
 [ 0  0  0 -1  0  0  0 -1  4 -1  0  0  0 -1  0]
 [ 0  0  0  0 -1  0  0  0 -1  4 -1  0  0  0 -1]
 [ 0  0  0  0  0  0  0  0  0 -1  2 -1  0  0  0]
 [ 0  0  0  0  0  0 -1  0  0  0 -1  3 -1  0  0]
 [ 0  0  0  0  0  0  0 -1  0  0  0 -1  3 -1  0]
 [ 0  0  0  0  0  0  0  0 -1  0  0  0 -1  3 -1]
 [-1  0  0  0  0  0  0  0  0 -1  0  0  0 -1  3]]

Valores propios de la Laplaciana:
[3.64132714e-16 1.03612015e+00 1.16622571e+00 1.38805981e+00
 1.60266160e+00 2.04026113e+00 2.45746357e+00 3.36135675e+00
 3.73681280e+00 3.97473703e+00 4.19950724e+00 5.01680608e+00
 5.37399655e+00 6.03687748e+00 6.60911410e+00]

Vectores propios de la Laplaciana (columnas):
[[-0.25819889 -0.22528804  0.08543735 -0.23227    -0.15440449 -0.24552319
   0.28936071  0.14525883  0.04323428 -0.03870567  0.00512486 -0.61988496
   0.20602823 -0.37311855  0.25112062]
 [-0.25819889 -0.31495543 -0.15357791  0.28271913 -0.10593777 -0.16575513
   0.48302062 -0.18063463  0.37621408 -0.27735518  0.04698864  0.11682604
  -0.32096204  0.29620004 -0.03024046]
 [-0.25819889 -0.20228731  0.20304874 -0.2552613   0.0141828  -0.52955929
  -0.28257559  0.10285551  0.06691038  0.37850894  0.05085004  0.29760054
  -0.3808745  -0.13877113 -0.10836515]
 [-0.25819889 -0.34850064 -0.53582801  0.38162894 -0.18538289  0.08821765
  -0.22957951  0.35883146 -0.20277863  0.18083664 -0.16130357  0.11576313
   0.16371128 -0.06650398  0.10510579]
 [-0.25819889 -0.17835066  0.29985123 -0.17573655 -0.13480069 -0.02108437
  -0.1589092   0.26013322 -0.05360675 -0.36149953  0.26342586  0.15139917
   0.47759497  0.38551493 -0.25807725]
 [-0.25819889 -0.23145686  0.56204021  0.21346996  0.14334324  0.56780494
  -0.09479636  0.13125401  0.09860691  0.11813326 -0.1651467  -0.13918877
  -0.25780057  0.01842656  0.10960076]
 [-0.25819889 -0.04474594  0.16876345  0.3063674   0.19175646 -0.0017761
   0.20227508 -0.43881675 -0.117655    0.1282174   0.0998155   0.26850635
   0.39222327 -0.4599007  -0.24708514]
 [-0.25819889  0.00637072 -0.01294302 -0.0034594   0.30902335 -0.24163108
  -0.28375906 -0.44255959 -0.03892796  0.03125852 -0.3295457  -0.13171679
   0.22057155  0.40903453  0.39805884]
 [-0.25819889 -0.02095732 -0.29318172 -0.04918505  0.03227803  0.16220338
  -0.37799636 -0.307863   -0.02402555 -0.07974962  0.30779974 -0.46606096
  -0.23139925 -0.02773163 -0.45420411]
 [-0.25819889  0.13042227 -0.00081559 -0.18495202 -0.32628442  0.16595768
  -0.157112   -0.21323603 -0.22286018 -0.46706908  0.05661644  0.30752959
  -0.223567   -0.29178356  0.42099677]
 [-0.25819889  0.55799719  0.09823119  0.20023462 -0.53608736 -0.05112274
  -0.11025902  0.00113356  0.39711736  0.17008165 -0.220234   -0.0625132
   0.11982507  0.01949113 -0.12762777]
 [-0.25819889  0.40741998  0.08271823  0.30748363  0.11327632 -0.16389942
   0.20755148  0.21169285 -0.46685832  0.13120255  0.42778985 -0.11893937
  -0.18072236  0.21310024  0.16725419]
 [-0.25819889  0.28687263 -0.11530807 -0.0109568   0.50261625 -0.10440181
   0.02058818  0.36118655  0.06452483 -0.42618704 -0.39271852  0.03388451
  -0.08301408 -0.20674977 -0.22892653]
 [-0.25819889  0.14959268 -0.28122419 -0.32168593  0.28002532  0.30533202
   0.08737741  0.10034953  0.45824356  0.25295921  0.37282456  0.18231769
   0.15722594  0.00573894  0.26090894]
 [-0.25819889  0.02786673 -0.1072119  -0.45839663 -0.14360415  0.23523744
   0.40481361 -0.08958553 -0.378139    0.25936795 -0.36228698  0.06447704
  -0.05884051  0.21705293 -0.25851949]]