INFORME DE INFLUENCERS EN LA RED SOCIAL

Personas analizadas: Ana, Luis, Juan, Sofía, Pedro, Marta, Carlos, Elena, Raúl, Lucía, Diego, Valeria, Tomás, Paula, Andrés

Influencers identificados: Ana, Luis, Carlos


Matriz de Adyacencia:
[[0 1 1 0 0 1 0 0 0 0 0 0 0 0 1]
 [1 0 0 1 1 0 1 0 0 0 0 0 0 0 0]
 [1 0 0 0 1 0 0 1 0 0 0 0 0 0 0]
 [0 1 0 0 1 0 0 0 1 0 0 0 0 0 0]
 [0 1 1 1 0 0 0 0 0 1 0 0 0 0 0]
 [1 0 0 0 0 0 1 0 0 0 1 0 0 0 0]
 [0 1 0 0 0 1 0 1 0 0 0 1 0 0 0]
 [0 0 1 0 0 0 1 0 1 0 0 0 1 0 0]
 [0 0 0 1 0 0 0 1 0 1 0 0 0 1 0]
 [0 0 0 0 1 0 0 0 1 0 1 0 0 0 1]
 [0 0 0 0 0 1 0 0 0 1 0 1 0 0 0]
 [0 0 0 0 0 0 1 0 0 0 1 0 1 0 0]
 [0 0 0 0 0 0 0 1 0 0 0 1 0 1 0]
 [0 0 0 0 0 0 0 0 1 0 0 0 1 0 1]
 [1 0 0 0 0 0 0 0 0 1 0 0 0 1 0]]

Matriz Laplaciana:
[[ 4 -1 -1  0  0 -1  0  0  0  0  0  0  0  0 -1]
 [-1  4  0 -1 -1  0 -1  0  0  0  0  0  0  0  0]
 [-1  0  3  0 -1  0  0 -1  0  0  0  0  0  0  0]
 [ 0 -1  0  3 -1  0  0  0 -1  0  0  0  0  0  0]
 [ 0 -1 -1 -1  4  0  0  0  0 -1  0  0  0  0  0]
 [-1  0  0  0  0  3 -1  0  0  0 -1  0  0  0  0]
 [ 0 -1  0  0  0 -1  4 -1  0  0  0 -1  0  0  0]
 [ 0  0 -1  0  0  0 -1  4 -1  0  0  0 -1  0  0]
 [ 0  0  0 -1  0  0  0 -1  4 -1  0  0  0 -1  0]
 [ 0  0  0  0 -1  0  0  0 -1  4 -1  0  0  0 -1]
 [ 0  0  0  0  0 -1  0  0  0 -1  3 -1  0  0  0]
 [ 0  0  0  0  0  0 -1  0  0  0 -1  3 -1  0  0]
 [ 0  0  0  0  0  0  0 -1  0  0  0 -1  3 -1  0]
 [ 0  0  0  0  0  0  0  0 -1  0  0  0 -1  3 -1]
 [-1  0  0  0  0  0  0  0  0 -1  0  0  0 -1  3]]

Valores propios de la Laplaciana:
[-1.39137160e-15  1.20708516e+00  1.38149962e+00  1.77797029e+00
  2.05389214e+00  2.60732018e+00  2.96294278e+00  3.50309020e+00
  4.05438647e+00  4.15008828e+00  4.56963053e+00  4.78655156e+00
  5.90374949e+00  6.35713171e+00  6.68466158e+00]

Vectores propios de la Laplaciana (columnas):
[[ 0.25819889  0.12344301  0.17543274 -0.22022494  0.38657042  0.16941298
   0.13247742 -0.12838791 -0.16225204 -0.27252863  0.30895807 -0.38335553
   0.06407062 -0.51253435 -0.12976009]
 [ 0.25819889  0.25539548  0.20997572  0.12857126 -0.06094779  0.34100023
   0.25127821  0.06354073  0.19420122  0.15844562  0.53005022 -0.03193556
   0.00833917  0.45767221  0.25687841]
 [ 0.25819889  0.23848585  0.10880813  0.16680383  0.51488587 -0.49556441
   0.01546326 -0.16583862 -0.273641    0.16515768 -0.09766593  0.08515034
  -0.33886361  0.25382204  0.01273429]
 [ 0.25819889  0.41282022  0.03641272  0.21468617 -0.44061622  0.22172756
  -0.01604654 -0.21868777 -0.29439676 -0.33666546 -0.21376238  0.29149753
  -0.21141087 -0.18876985  0.11446528]
 [ 0.25819889  0.351729    0.11291283  0.0913104  -0.12944336 -0.21017131
   0.21779632 -0.11811879  0.37147715  0.29133561 -0.29983929 -0.05142363
   0.49820756 -0.14755589 -0.28427995]
 [ 0.25819889 -0.22147987  0.41238504 -0.23375893  0.13303654  0.28716054
  -0.43026443 -0.27525697  0.15155182 -0.03725516 -0.40543165 -0.09506045
   0.0878237   0.2301602   0.200169  ]
 [ 0.25819889 -0.17469441  0.22506322  0.19991753  0.06487818  0.29393491
  -0.07363732  0.49676848  0.07460973  0.29407765 -0.09728919  0.16840059
  -0.366743   -0.22993358 -0.39005684]
 [ 0.25819889 -0.0475872  -0.11223957  0.33275378  0.23001051 -0.15383981
  -0.34970072  0.32993848  0.07929826 -0.20875289  0.14418064  0.28265369
   0.42169684 -0.19202377  0.36711848]
 [ 0.25819889  0.13302703 -0.26395455  0.04247122 -0.22647931 -0.04376098
  -0.46966917  0.16459773 -0.25527041 -0.06258623  0.10531702 -0.43741619
   0.10733748  0.32360895 -0.39436428]
 [ 0.25819889  0.07564758 -0.05953428 -0.30716684 -0.2652326  -0.35986474
  -0.02482769  0.26229127  0.3536332  -0.03066391 -0.0478243  -0.30426498
  -0.40652709 -0.17491572  0.37911747]
 [ 0.25819889 -0.34584315  0.2669494  -0.26535295 -0.32558168 -0.35058574
  -0.0747845  -0.22990148 -0.07215187  0.02129771  0.42470903  0.38478534
   0.04765435 -0.03021019 -0.2177381 ]
 [ 0.25819889 -0.47423503  0.07920693  0.21665658 -0.17583933 -0.06496374
   0.45232082  0.12862688 -0.42910906  0.04342482 -0.2133803  -0.28811343
   0.18032708  0.04617509  0.22300473]
 [ 0.25819889 -0.32972545 -0.36381616  0.3301962   0.09434053  0.03114088
   0.16518358 -0.33157792  0.44998894 -0.36531774  0.0075084  -0.03845644
  -0.20453602  0.10512791 -0.21390204]
 [ 0.25819889 -0.06934744 -0.55580396 -0.14590079  0.03508513  0.23103195
  -0.09649886 -0.29175176 -0.12465145  0.58547571  0.05741425  0.07416414
  -0.00810256 -0.20707957  0.19803341]
 [ 0.25819889  0.07236437 -0.2717982  -0.55096253  0.16533311  0.10334168
   0.30090962  0.31375765 -0.06328772 -0.24544479 -0.20294458  0.34337457
   0.12072633  0.26645652 -0.12141978]]